$ 1 0.000005 43.84883893407173 47 5 43 5e-11
M -320 272 -272 272 0 2.5
L -704 496 -752 496 0 0 false 5 0
L -704 320 -768 320 0 1 false 5 0
w -640 320 -704 320 0
w -640 320 -640 384 0
w -640 272 -640 320 0
w -672 144 -640 144 0
w -672 400 -672 144 0
w -640 400 -672 400 0
w -640 496 -704 496 0
w -480 464 -640 416 0
w -480 400 -640 448 0
151 -640 480 -480 480 0 2 5 5
151 -624 384 -480 384 0 3 0 5
w -480 464 -480 480 0
w -640 416 -640 400 0
w -480 384 -480 400 0
w -640 464 -640 448 0
w -320 352 -480 304 0
w -320 288 -480 336 0
151 -480 368 -320 368 0 2 5 5
151 -480 272 -320 272 0 2 0 5
w -320 352 -320 368 0
w -480 304 -480 288 0
w -320 272 -320 288 0
w -480 352 -480 336 0
w -640 240 -640 224 0
w -480 160 -480 176 0
w -640 192 -640 176 0
w -480 240 -480 256 0
151 -640 160 -480 160 0 2 0 5
151 -640 256 -480 256 0 2 5 5
w -480 176 -640 224 0
w -480 240 -640 192 0
w 1152 -400 1200 -448 0
w 832 -400 1152 -400 0
I 768 -400 832 -400 0 0.5 5
w 768 -480 768 -400 0
w 1104 -576 1216 -576 0
w 1536 -448 1376 -528 0
w 1536 -544 1376 -464 0
151 1376 -448 1536 -448 0 2 5 5
151 1376 -544 1536 -544 0 2 0 5
w 1216 -576 1264 -576 0
151 1264 -560 1344 -560 0 2 5 5
151 1264 -432 1344 -432 0 2 0 5
w 1344 -432 1376 -432 0
w 1376 -560 1344 -560 0
w 1216 -496 1216 -416 0
w 1200 -448 1264 -448 0
w 1200 -448 1200 -496 0
w 1200 -544 1264 -544 0
I 1216 -416 1264 -416 0 0.5 5
w 1200 -496 1200 -544 0
w 1216 -496 1216 -576 0
w 784 -528 784 -608 0
w 768 -528 768 -576 0
I 784 -448 832 -448 0 0.5 5
w 768 -576 832 -576 0
w 768 -480 768 -528 0
w 768 -480 832 -480 0
w 784 -528 784 -448 0
w 944 -592 912 -592 0
w 912 -464 944 -464 0
151 832 -464 912 -464 0 2 5 5
151 832 -592 912 -592 0 2 5 5
w 784 -608 832 -608 0
151 944 -576 1104 -576 0 2 0 5
151 944 -480 1104 -480 0 2 5 5
w 1104 -576 944 -496 0
w 1104 -480 944 -560 0
L 768 -528 720 -528 0 0 false 5 0
L 784 -608 736 -608 0 1 false 5 0
L 528 -768 480 -768 0 0 true 5 0
L 528 -640 480 -640 0 0 true 5 0
I 528 -640 608 -640 0 0.5 5
I 528 -768 608 -768 0 0.5 5
w 768 -656 608 -736 0
w 768 -752 608 -672 0
151 608 -656 768 -656 0 2 0 5
151 608 -752 768 -752 0 2 5 5
w -480 256 -480 272 0
w -640 400 -624 400 0
w -640 384 -624 384 0
w -480 272 -624 352 0
w -624 352 -624 368 0
w -528 -224 -528 -208 0
w -384 -304 -528 -224 0
w -544 -192 -528 -192 0
w -544 -176 -528 -176 0
w -384 -320 -384 -304 0
w -384 -336 -544 -384 0
w -384 -400 -544 -352 0
151 -544 -320 -384 -320 0 2 0 5
151 -544 -416 -384 -416 0 2 5 5
w -384 -336 -384 -320 0
w -544 -384 -544 -400 0
w -384 -416 -384 -400 0
w -544 -336 -544 -352 0
w -384 -224 -384 -240 0
w -224 -304 -224 -288 0
w -384 -272 -384 -288 0
w -224 -224 -224 -208 0
151 -384 -304 -224 -304 0 2 5 5
151 -384 -208 -224 -208 0 2 0 5
w -224 -288 -384 -240 0
w -224 -224 -384 -272 0
w -544 -112 -544 -128 0
w -384 -192 -384 -176 0
w -544 -160 -544 -176 0
w -384 -112 -384 -96 0
151 -528 -192 -384 -192 0 3 5 5
151 -544 -96 -384 -96 0 2 5 5
w -384 -176 -544 -128 0
w -384 -112 -544 -160 0
w -544 -176 -576 -176 0
w -576 -176 -576 -432 0
w -576 -432 -544 -432 0
w -544 -304 -544 -256 0
w -544 -256 -544 -192 0
w -544 -256 -608 -256 0
M -224 -304 -176 -304 0 2.5
w -208 16 -608 16 0
150 -624 -80 -544 -80 0 2 0 5
I -688 -96 -624 -96 0 0.5 5
L -688 -96 -752 -96 0 0 false 5 0
L -608 -256 -672 -256 0 1 false 5 0
x -742 -106 -725 -103 4 24 R
154 -624 16 -624 -64 0 2 0 5
L -640 16 -768 16 0 1 false 5 0
x -663 -266 -617 -263 4 24 CLK
x -757 -1 -743 2 4 24 T
w -208 16 -208 -272 0
w -208 -272 -224 -288 0
w -816 -768 -752 -768 0
w -816 -720 -752 -720 0
w -816 -672 -752 -672 0
w -816 -624 -752 -624 0
w -640 -832 -640 -880 0
